name=Pluck Destroyer
pressure=0.850000
fault=0.500000
split=0.200000
momentum=0.900000
resolve=0.100000
mix=1.000000
