name=Bitcrush Dream
pressure=0.600000
fault=0.850000
split=0.350000
momentum=0.350000
resolve=0.280000
mix=1.000000
