name=Rage Bass
pressure=1.000000
fault=0.920000
split=0.450000
momentum=0.750000
resolve=0.200000
mix=1.000000
