name=Crunch Kit
pressure=0.700000
fault=0.400000
split=0.250000
momentum=0.600000
resolve=0.350000
mix=1.000000
