name=Shimmer Lead
pressure=0.500000
fault=0.150000
split=0.600000
momentum=0.700000
resolve=0.500000
mix=1.000000
