name=Digital Bloom
pressure=0.400000
fault=0.300000
split=0.700000
momentum=0.900000
resolve=0.600000
mix=1.000000
