name=Glitch Diva
pressure=0.820000
fault=0.600000
split=0.700000
momentum=0.250000
resolve=0.220000
mix=1.000000
