name=Vocal Grit
pressure=0.600000
fault=0.400000
split=0.250000
momentum=0.650000
resolve=0.450000
mix=1.000000
